 19.1
 16.1
 12.5
 10.3
  9.2
  8.3
  7.8
  8.5
  9.3
  8.1
  6.3
  5.0
  4.5
  7.4
 13.7
 16.8
 18.8
 19.5
 19.7
 19.7
 19.8
 20.5
 20.3
 18.6
 16.8
 15.0
 11.8
 10.3
  9.3
  8.3
  7.9
  7.3
  7.3
  7.0
  6.8
  6.6
  6.8
  9.5
 15.5
 19.5
 21.1
 22.2
 22.8
 23.1
 23.1
 22.6
 22.1
 21.3
 19.9
 17.8
 15.0
 13.0
 11.7
 11.1
 10.3
  9.9
  9.6
  9.6
  9.2
  8.9
  9.2
 12.5
 16.5
 20.6
 22.9
 24.1
 24.4
 24.5
 24.1
 24.3
 23.6
 23.2
 22.1
 20.2
 19.0
 17.6
 16.1
 15.2
 14.6
 14.3
 13.7
 13.4
 12.7
 12.6
 12.5
 13.9
 18.2
 20.8
 23.0
 24.4
 24.7
 25.2
 24.7
 25.2
 24.8
 23.7
 22.0
 20.4
 18.7
 17.6
 16.8
 15.8
 15.3
 15.0
 15.8
 15.7
 15.2
 15.2
 15.5
 16.8
 19.0
 23.2
 24.2
 22.9
 21.1
 21.7
 23.1
 23.6
 23.8
 22.8
 21.7
 19.3
 17.7
 16.3
 15.6
 14.9
 14.6
 14.2
 14.1
 13.6
 13.3
 13.2
 13.1
 15.5
 19.3
 22.5
 24.7
 26.1
 26.8
 27.3
 26.8
 26.7
 25.5
 24.2
 22.6
 20.1
 17.8
 16.2
 15.6
 14.6
 14.1
 13.8
 13.1
 12.9
 12.5
 12.6
 12.6
 15.1
 20.0
 22.9
 24.0
 25.2
 25.9
 25.8
 25.6
 25.4
 25.0
 24.2
