 28.3
 27.2
 26.4
 25.3
 25.1
 25.2
 25.6
 25.8
 25.1
 24.3
 23.8
 24.0
 24.3
 25.0
 26.7
 27.9
 23.4
 24.5
 28.0
 29.1
 30.1
 30.2
 29.8
 29.1
 28.4
 27.4
 26.5
 26.1
 24.8
 24.9
 24.1
 23.1
 22.7
 22.4
 22.3
 21.9
 22.4
 25.4
 27.2
 28.1
 29.1
 29.7
 30.4
 31.1
 31.5
 31.5
 31.3
 30.9
 29.9
 28.3
 27.1
 26.1
 25.0
 24.6
 24.1
 23.6
 23.3
 22.7
 22.5
 22.1
 22.4
 25.2
 27.5
 28.5
 29.3
 30.3
 31.1
 31.6
 32.0
 31.8
 31.3
 30.6
 29.7
 28.0
 25.7
 24.3
 23.7
 23.2
 22.9
 22.6
 22.7
 22.8
 22.6
 22.7
 23.0
 25.6
 28.1
 29.0
 29.8
 30.6
 31.2
 31.5
 31.7
 31.6
 31.4
 30.7
 29.8
 28.4
 26.8
 25.3
 24.4
 23.7
 23.2
 23.1
 22.7
 23.0
 22.7
 22.6
 23.0
 26.2
 29.0
 29.4
 30.7
 30.9
 31.8
 32.0
 32.0
 31.7
 31.1
 30.6
 29.7
 28.5
 26.9
 25.5
 25.1
 24.3
 24.0
 23.6
 23.6
 23.2
 23.0
 23.2
 23.6
 26.6
 29.1
 29.8
 30.3
 30.9
 31.3
 30.9
 30.0
 30.6
 30.0
 29.9
 29.3
 28.8
 26.9
 26.2
 25.3
 25.4
 25.2
 25.4
 24.4
 23.8
 23.7
 23.5
 24.4
 26.6
 27.9
 28.9
 30.0
 30.5
 28.4
 26.5
 26.3
 27.3
 28.2
 28.3
