 16.1
 16.3
 17.0
 18.1
 18.8
 19.5
 18.8
 18.4
 18.8
 18.3
 18.4
 18.3
 18.1
 18.4
 19.0
 20.2
 22.0
 22.5
 22.7
 23.2
 23.2
 23.2
 22.6
 22.3
 22.3
 22.3
 21.8
 19.1
 19.0
 18.7
 18.5
 18.5
 18.5
 18.4
 18.5
 18.5
 19.1
 20.3
 22.2
 23.0
 23.5
 23.5
 23.3
 22.5
 22.0
 20.1
 19.6
 17.9
 17.5
 17.6
 17.6
 18.5
 20.9
 20.7
 20.3
 19.3
 18.0
 16.3
 15.3
 14.5
 13.8
 13.0
 16.0
 17.6
 18.2
 18.5
 19.7
 20.3
 19.8
 18.9
 17.1
 16.3
 14.5
 13.1
 12.0
 12.6
 13.4
 14.2
 15.3
 15.6
 15.2
 14.7
 13.7
 12.6
 12.5
 12.6
 13.8
 14.6
 15.6
 15.7
 15.8
 15.3
 14.6
 13.6
 11.9
 10.5
 10.0
  9.4
  8.7
  8.0
  7.4
  6.0
  4.4
  3.7
  3.2
  2.9
  3.1
  2.9
  4.2
  5.2
  8.0
 11.0
 13.5
 14.7
 14.8
 15.2
 15.5
 15.6
 15.2
 14.3
 13.8
 12.1
 12.2
 12.9
 13.8
 13.7
 12.9
 12.2
 11.9
 11.1
 10.5
  9.7
  8.8
  7.8
  6.9
  6.6
  6.3
  5.3
  4.7
  3.8
  3.0
  2.7
  2.8
  2.6
  2.2
  1.8
  1.8
  1.5
  1.3
  1.2
  0.4
 -0.5
 -1.0
 -1.6
 -2.5
 -3.3
 -3.7
 -3.6
 -2.8
 -1.4
  0.0
  1.2
  2.1
  2.5
  2.8
  2.5
  1.6
