 24.2
 24.0
 23.5
 23.3
 23.3
 23.2
 23.3
 23.3
 23.0
 22.9
 22.7
 22.4
 22.0
 21.9
 22.5
 23.9
 25.3
 26.5
 27.5
 27.5
 26.7
 25.5
 24.6
 23.1
 21.7
 19.6
 19.0
 18.5
 18.4
 18.5
 18.9
 19.2
 19.4
 19.6
 20.1
 20.3
 20.6
 20.8
 21.6
 22.4
 24.4
 26.1
 26.9
 26.7
 25.4
 23.1
 23.0
 23.2
 23.3
 23.2
 23.3
 22.9
 22.5
 22.3
 22.0
 21.6
 21.6
 21.6
 21.6
 21.2
 20.9
 21.3
 22.7
 24.5
 26.2
 27.3
 28.1
 28.4
 28.8
 28.7
 28.1
 27.3
 25.5
 24.1
 22.7
 22.0
 22.0
 21.9
 21.4
 20.8
 20.3
 20.0
 19.7
 19.3
 19.0
 19.4
 20.8
 22.8
 24.9
 26.4
 27.0
 27.9
 27.7
 28.1
 28.1
 26.7
 24.9
 24.0
 22.3
 22.2
 21.2
 20.8
 20.8
 20.3
 19.9
 19.5
 18.9
 18.5
 18.3
 18.9
 21.0
 23.7
 25.4
 26.9
 28.2
 28.5
 29.0
 28.9
 29.0
 28.2
 26.5
 24.5
 23.7
 23.1
 22.6
 22.1
 21.9
 21.9
 21.3
 20.8
 20.9
 20.7
 20.3
 21.0
 22.9
 25.2
 27.0
 28.4
 29.4
 30.2
 30.5
 29.9
 29.2
 28.4
 26.6
 25.3
 24.4
 24.2
 24.1
 24.0
 23.9
 24.2
 24.1
 23.9
 23.7
 23.7
 23.4
 23.7
 25.1
 26.0
 27.8
 29.8
 30.1
 29.5
 26.7
 26.6
 25.5
 23.1
